1 -0.0124536 -0.00641882
2 0.0137351 0.00690407
3 0.0128143 0.00618903
4 -0.0123397 -0.00689735
5 0.00225988 0.00120205
6 -0.00343588 -0.00205861
7 -0.0483482 -0.0253958
8 -0.114642 -0.0591998
9 -0.173128 -0.0886326
10 -0.120477 -0.0603252
11 -0.000572142 0.000970929
12 0.0427146 0.0211674
13 0.0170433 0.00698667
14 -0.0459845 -0.0253664
15 -0.104548 -0.0547679
16 -0.0214267 -0.0104164
17 0.0214229 0.0102458
18 0.035192 0.0166191
19 0.0308867 0.0141668
20 0.0269344 0.0122515
21 0.0233215 0.0104985
22 0.0263008 0.0121726
23 0.0411138 0.019898
24 0.0582645 0.0286366
25 0.0801871 0.0398538
26 0.102209 0.0510711
27 0.128641 0.0646325
28 0.175233 0.0885668
29 0.225556 0.11472
30 0.26572 0.13513
31 0.193835 0.0973342
32 0.071202 0.0351454
33 0.0106339 0.00612389
34 0.0122254 0.00818726
35 0.0463677 0.0260022
36 0.0828928 0.0444781
37 -0.0101972 -0.00467952
38 -0.0630142 -0.0304086
39 -0.0834861 -0.0401646
40 -0.0836106 -0.0399871
41 -0.0769345 -0.0366669
42 -0.0727545 -0.0347724
43 -0.0754524 -0.0364098
44 -0.0825638 -0.0402189
45 -0.0943829 -0.0464114
46 -0.114531 -0.0568812
47 -0.128124 -0.0638027
48 -0.137647 -0.0687582
49 -0.140925 -0.0705542
50 -0.136716 -0.0688886
51 -0.120946 -0.0609721
52 -0.0922382 -0.0465442
53 -0.057383 -0.0291084
54 -0.0163169 -0.00848376
55 0.0381374 0.0190875
56 0.0995498 0.0501319
57 0.161003 0.0811813
58 0.211764 0.106772
59 0.163099 0.0807766
60 0.138115 0.0690346
61 0.118758 0.059706
62 0.0985733 0.0497943
63 0.0673873 0.0341161
64 0.0338622 0.0173745
65 0.0823565 0.0434267
66 0.0784265 0.0405701
67 0.0363154 0.0188235
68 -0.0263168 -0.0129556
69 -0.108904 -0.0548661
70 -0.182478 -0.091838
71 -0.243117 -0.122385
72 -0.280826 -1.2
73 -0.17774 -0.0881635
74 0.234258 1.2
75 0.384696 0.195801
76 0.386494 0.194501
77 0.590636 0.3018
78 0.62575 0.317228
79 0.570459 0.288915
80 0.580473 0.296389
81 0.621612 0.318825
82 0.587642 0.301512
83 0.522161 0.269186
84 0.426488 0.221599
85 0.305814 0.161373
86 0.188999 0.103421
87 0.14549 0.0834236
88 0.125803 0.0743085
