1 -0.820548 0.16363 0
2 1.22586 0 0.253109
3 2.62725 0 0.51555
4 1.4344 0 0.250386
5 1.20668 0 0.229905
6 1.82713 0 0.360377
7 1.61135 0 0.306425
8 1.38871 0 0.2676
9 1.5789 0 0.311671
10 1.64291 0 0.322312
11 1.50081 0 0.294112
12 1.4698 0 0.292222
13 1.55854 0 0.312149
14 1.48023 0 0.296191
15 1.52561 0 0.308359
16 1.50378 0 0.30459
17 1.4772 0 0.301187
18 1.48781 0 0.305329
19 1.47014 0 0.303053
20 1.45938 0 0.302714
21 1.51249 0 0.315063
22 1.44019 0 0.300982
23 1.44748 0 0.305333
24 1.46361 0 0.309877
25 1.40959 0 0.30016
26 1.44191 0 0.309145
27 1.46119 0 0.313816
28 1.37532 0 0.299866
29 1.4026 0 0.307584
30 1.46343 0 0.320667
31 1.34344 0 0.296796
32 1.41962 0 0.315851
33 1.42616 0 0.317062
34 1.37131 0 0.307334
35 1.33211 0 0.301922
36 1.40994 0 0.319681
37 1.36686 0 0.310877
38 1.33169 0 0.306036
39 1.41222 0 0.324258
40 1.36922 0 0.315416
41 1.34375 0 0.312526
42 1.3405 0 0.313725
43 1.32817 0 0.312652
44 1.3689 0 0.322413
45 1.27954 0 0.305008
46 1.35383 0 0.323007
47 1.2859 0 0.30922
48 1.30029 0 0.314757
49 1.36767 0 0.329314
50 1.23921 0 0.306037
51 1.28241 0 0.317243
52 1.32211 0 0.325641
53 1.22945 0 0.307544
54 1.25143 0 0.315045
55 1.26724 0 0.319036
56 1.24687 0 0.315891
57 1.24282 0 0.316732
58 1.2566 0 0.320826
59 1.25107 0 0.320694
60 1.21986 0 0.315784
61 1.27977 0 0.329669
62 1.18955 0 0.311618
63 1.21103 0 0.318928
64 1.21559 0 0.320627
65 1.24738 0 0.32814
66 1.21053 0 0.321346
67 1.16701 0 0.314546
68 1.2329 0 0.329827
69 1.20351 0 0.323835
70 1.17802 0 0.320501
71 1.18395 0 0.323383
72 1.23012 0 1
73 0.627976 0 0.218422
74 -0.85804 1 0
75 2.99914 0 0.731397
76 0.588183 0 0.172649
77 0.857169 0 0.275523
78 1.89497 0 0.479597
79 2.47822 0 0.577971
80 0.462618 0 0.163648
81 0.940634 0 0.300503
82 1.51608 0 0.407548
83 1.06215 0 0.306316
84 1.06928 0 0.317889
85 0.201092 0 0.14431
86 0.107235 0 0.14301
87 0.773963 0 0.279007
88 0.562079 0 0.223857
